# transform file /scratch/MPI-LEMON/freesurfer/subjects/sub-032304/mri/transforms/cc_up.lta
# created by erikc on Mon Sep  4 17:05:56 2023

type      = 0 # LINEAR_VOX_TO_VOX
nxforms   = 1
mean      = 124.0000 123.0000 114.0000
sigma     = 10000.0000
1 4 4
9.966964125633240e-01 4.502986371517181e-02 6.759115308523178e-02 -8.598145484924316e+00 
-4.492667689919472e-02 9.989856481552124e-01 -3.046710742637515e-03 3.805976486206055e+01 
-6.765978783369064e-02 -2.328306436538696e-10 9.977084398269653e-01 3.775199508666992e+01 
0.000000000000000e+00 0.000000000000000e+00 0.000000000000000e+00 1.000000000000000e+00 
src volume info
valid = 1  # volume info valid
filename = /scratch/MPI-LEMON/freesurfer/subjects/sub-032304/mri/norm.mgz
volume = 256 256 256
voxelsize = 1.000000000000000e+00 1.000000000000000e+00 1.000000000000000e+00
xras   = -1.000000000000000e+00 0.000000000000000e+00 0.000000000000000e+00
yras   = 0.000000000000000e+00 0.000000000000000e+00 -1.000000000000000e+00
zras   = 0.000000000000000e+00 1.000000000000000e+00 0.000000000000000e+00
cras   = -4.030319213867188e+00 -5.451568603515625e+00 -1.179598999023438e+01
dst volume info
valid = 1  # volume info valid
filename = /scratch/MPI-LEMON/freesurfer/subjects/sub-032304/mri/norm.mgz
volume = 256 256 256
voxelsize = 1.000000000000000e+00 1.000000000000000e+00 1.000000000000000e+00
xras   = -1.000000000000000e+00 0.000000000000000e+00 0.000000000000000e+00
yras   = 0.000000000000000e+00 0.000000000000000e+00 -1.000000000000000e+00
zras   = 0.000000000000000e+00 1.000000000000000e+00 0.000000000000000e+00
cras   = -4.030319213867188e+00 -5.451568603515625e+00 -1.179598999023438e+01
