# transform file transforms/talairach.lta
# created by erikc on Mon Sep  4 12:49:12 2023

type      = 0 # LINEAR_VOX_TO_VOX
nxforms   = 1
mean      = 124.0000 124.0000 114.0000
sigma     = 10000.0000
1 4 4
1.085449695587158e+00 1.222592499107122e-02 6.720783561468124e-02 -1.751346397399902e+01 
-3.302863612771034e-02 1.076992273330688e+00 2.497069388628006e-01 -2.425889396667480e+01 
-8.709458261728287e-02 -1.997031271457672e-01 9.366061091423035e-01 3.735030746459961e+01 
0.000000000000000e+00 0.000000000000000e+00 0.000000000000000e+00 1.000000000000000e+00 
src volume info
valid = 1  # volume info valid
filename = nu.mgz
volume = 256 256 256
voxelsize = 1.000000000000000e+00 1.000000000000000e+00 1.000000000000000e+00
xras   = -1.000000000000000e+00 0.000000000000000e+00 0.000000000000000e+00
yras   = 0.000000000000000e+00 0.000000000000000e+00 -1.000000000000000e+00
zras   = 0.000000000000000e+00 1.000000000000000e+00 0.000000000000000e+00
cras   = -4.030319213867188e+00 -5.451568603515625e+00 -1.179598999023438e+01
dst volume info
valid = 1  # volume info valid
filename = /scratch/MPI-LEMON/freesurfer/average/RB_all_2020-01-02.gca
volume = 256 256 256
voxelsize = 1.000000000000000e+00 1.000000000000000e+00 1.000000000000000e+00
xras   = -1.000000000000000e+00 0.000000000000000e+00 0.000000000000000e+00
yras   = 0.000000000000000e+00 0.000000000000000e+00 -1.000000000000000e+00
zras   = 0.000000000000000e+00 1.000000000000000e+00 0.000000000000000e+00
cras   = 0.000000000000000e+00 0.000000000000000e+00 0.000000000000000e+00
