# transform file transforms/talairach_with_skull.lta
# created by erikc on Mon Sep  4 12:18:47 2023

type      = 0 # LINEAR_VOX_TO_VOX
nxforms   = 1
mean      = 124.0000 143.0000 110.0000
sigma     = 10000.0000
1 4 4
1.094708085060120e+00 4.890821874141693e-02 8.143929392099380e-02 -2.429087638854980e+01 
-5.820891633629799e-02 1.110695123672485e+00 2.661324143409729e-01 -2.770484542846680e+01 
-7.187495380640030e-02 -2.305854260921478e-01 9.579707980155945e-01 3.605577468872070e+01 
0.000000000000000e+00 0.000000000000000e+00 0.000000000000000e+00 1.000000000000000e+00 
src volume info
valid = 1  # volume info valid
filename = nu.mgz
volume = 256 256 256
voxelsize = 1.000000000000000e+00 1.000000000000000e+00 1.000000000000000e+00
xras   = -1.000000000000000e+00 0.000000000000000e+00 0.000000000000000e+00
yras   = 0.000000000000000e+00 0.000000000000000e+00 -1.000000000000000e+00
zras   = 0.000000000000000e+00 1.000000000000000e+00 0.000000000000000e+00
cras   = -4.030319213867188e+00 -5.451568603515625e+00 -1.179598999023438e+01
dst volume info
valid = 1  # volume info valid
filename = /scratch/MPI-LEMON/freesurfer/average/RB_all_withskull_2020_01_02.gca
volume = 256 256 256
voxelsize = 1.000000000000000e+00 1.000000000000000e+00 1.000000000000000e+00
xras   = -1.000000000000000e+00 0.000000000000000e+00 0.000000000000000e+00
yras   = 0.000000000000000e+00 0.000000000000000e+00 -1.000000000000000e+00
zras   = 0.000000000000000e+00 1.000000000000000e+00 0.000000000000000e+00
cras   = 0.000000000000000e+00 0.000000000000000e+00 0.000000000000000e+00
